0
600789
000078
300342
603022
601999
000700
000518
603825
300051
300030
300123
603301
603880
600200
002022
603258
002156
300499
600513
000652
300453
002223
600229
603157
002584
000016
002030
300039
002166
002791
002880
600527
002074
002581
300753
002382
601718
600866
600118
300147
002379
002603
300676
603358
600630
002551
600746
603160
002932
600222
000790
300548
600587
300073
300526
000705
002246
300236
002555
300448
002214
002252
300009
300629
300671
300623
300026
000597
600215
600613
000999
603309
300551
000698
600624
603920
603716
600961
300116
300455
603655
601360
002624
300358
002837
600052
002367
300413
300045
603333
002170
600618
002107
600284
000766
603718
603238
600135
600488
300622
002756
300303
002349
300171
300460
002119
300161
002635
600876
603168
300637
600161
002906
603315
600988
002038
600664
300348
300627
600501
002352
600328
600332
300324
002484
300035
603348
300077
000650
600545
603856
002432
600751
300434
000949
300693
000952
002661
000403
600267
002341
300115
002644
002329
300411
300090
600400
300527
002174
300533
002132
002459
002339
603871
002383
300038
300682
603444
002042
002326
300656
300416
601968
002365
603658
000595
002399
300642
300705
300052
000788
300312
002594
300282
600594
300662
600584
300531
600779
603222
300606
300494
600833
600753
300158
603507
300578
300587
603896
300194
000925
600182
002805
300183
600242
600460
300442
002003
002083
300668
600131
000153
600477
600436
002708
300689
300482
002221
300381
600998
000930
002923
002424
002641
600233
603799
601919
300068
300081
600814
000506
600774
002007
603042
002694
002859
300300
600212
603520
002111
002050
300376
002454
300167
601208
300468
603326
000901
600879
603567
600167
601990
603300
300001
600822
603922
600456
300644
603637
603578
601086
600674
600601
600262
600232
600171
300711
300454
300418
300397
300353
300230
300160
002650
002542
002505
002229
000613
000541
000029
601689
603096
600278
002816
300651
002633
000756
300500
603060
002231
300602
000566
603657
300088
300289
600861
603319
600062
000726
603501
000539
300233
002829
600377
300476
002161
300012
600097
300100
002151
002187
002173
000533
000667
300181
002826
603806
002121
603166
300681
300485
603003
600252
002713
600420
002693
600422
300056
000601
002460
600529
600479
300529
600236
000007
300024
002558
300532
000639
300148
300513
603689
600557
002900
603883
002588
603108
600405
000889
300053
002527
603703
601607
002125
600028
002381
600126
000632
601988
300674
000524
002846
300508
000657
002430
600713
603669
300246
603568
603111
300428
300503
000968
600676
002638
002602
300570
600874
000955
603283
300086
603866
002275
000547
600143
600033
000850
002502
603010
300143
600072
300016
002789
603660
600903
600015
601606
600172
600391
603822
300071
002114
300633
600056
002534
002628
603233
300211
002827
002293
601939
002931
600835
002286
300444
300628
603838
601212
601890
002468
600819
603368
601398
002397
600489
603677
300636
002806
000544
600626
002185
600857
601328
600688
601069
300184
300177
002559
002752
002841
601566
300294
002706
600637
600538
000958
000498
603789
002596
000950
002779
600060
000803
601218
603033
300008
600220
300259
000100
002164
002737
300287
002873
002595
600480
603679
000780
600243
300730
000021
600393
603768
601288
300562
002062
300617
000517
002476
002743
300180
601985
000025
603979
600184
000638
002422
600893
603958
002282
002407
600520
001872
601881
600351
600025
600227
000027
000520
300473
600085
300267
300321
600575
000603
300369
300093
002813
002171
600481
002936
002566
000558
002307
002496
603879
300138
002759
600558
300043
600605
601766
601158
600483
002774
002467
601326
002118
300715
300207
600080
603050
600090
600011
300037
600660
002729
002935
002489
603486
300516
002758
603557
002415
300419
001965
300752
002039
000502
002060
601998
600416
600979
300601
000507
603889
600812
601106
603126
603617
002266
002014
300478
002284
603790
600333
601857
300684
600170
002413
002211
600609
300105
002495
603316
600795
600731
600162
000683
002674
000768
002434
603079
300542
002526
300124
300373
000538
601006
002514
002020
002839
300669
300635
600008
000875
300351
002412
002600
002535
002394
000009
600884
603056
000800
603098
000735
603569
600540
002687
300244
600908
603100
002033
002688
002773
000593
002163
000918
601019
002435
600566
603138
300425
600629
300155
600663
601330
600717
002342
601518
000860
300359
002851
300630
002437
603321
600027
600917
002647
002666
002098
000791
600549
002410
603192
002418
600435
600269
600869
600969
600281
000688
600475
600644
000727
300023
603985
601900
603077
603039
601880
600982
600303
300723
002361
002863
603232
002441
600612
601866
600798
002659
002598
000028
002700
601318
600482
000709
603909
300255
000633
600843
000778
000801
000959
600372
000819
002830
300404
000582
000767
002787
002389
000631
601016
300653
300536
600715
002785
600619
600547
002763
600898
002387
601229
002138
600023
300370
002109
000513
601228
601199
601898
002617
000761
300150
300110
600017
603031
000555
600519
000035
002433
000090
000786
002015
603429
603668
002043
600649
600248
002186
600685
600562
002879
601577
002024
300488
300749
600107
600022
300718
600995
300458
600098
300647
600829
300149
603676
300185
002807
000598
600750
603813
002340
600173
300495
002901
603599
000630
002141
601727
300264
600693
000757
601005
000609
600848
002216
002517
600510
300691
601368
600919
600363
603387
000898
603968
601519
603829
300139
603116
603986
603299
000825
603156
600508
000008
603297
000975
600834
002334
000711
603810
002637
002155
002838
603288
600163
000736
300692
600997
600863
002362
300611
600509
002040
002472
600231
600868
002506
603717
601008
600300
300050
002254
600824
603330
002498
601169
600010
600889
600039
000738
000622
600491
600820
000893
300649
600007
300033
600310
000692
300722
002705
601600
002782
600150
601088
300652
300663
300632
002845
603055
002196
000088
002842
002439
603843
002671
600886
600777
600103
603955
300315
603289
603809
002544
002608
002757
603185
600811
600810
600939
000519
002267
603988
300462
600764
600148
600317
002735
603928
002002
002302
600370
600828
300226
603817
300750
300664
603021
600727
600241
002852
002750
600926
002451
601366
603008
300041
603998
600089
000828
601390
002390
002457
000042
603183
000777
600642
002561
000861
002922
600586
000965
600648
300610
600320
300563
002685
600929
002646
300582
601877
002064
603038
600398
002899
000751
300725
600880
002864
002909
600871
600671
002425
300193
002116
600051
002893
002335
300596
000608
600933
002632
603018
601991
300286
002228
603980
600582
000899
300568
000722
601107
300313
600081
000993
000963
600604
600185
600151
600116
603680
300189
002087
601567
600973
603878
002452
000900
600168
000011
603977
300240
000540
300252
002605
300612
603139
300549
603323
002543
600900
600650
000862
600123
601918
300217
000620
600038
002597
002540
002884
600780
603616
600104
000701
601001
601015
300113
300447
600382
600276
600502
002469
002860
600623
600259
002554
000685
300746
002225
600219
600012
000908
002270
600962
600567
603179
600329
300560
000005
002392
603819
600603
300298
600805
600106
002300
002911
002473
600616
002272
600882
002523
300497
603239
000997
002721
000980
603223
600620
600578
000014
601225
600036
600211
601188
600190
603737
300519
603696
603828
001979
601882
300318
601186
603499
300491
000089
600749
600606
300573
601989
600239
600133
002112
001914
601009
300685
300172
600283
300295
600343
002504
601012
000536
002317
300484
002724
002325
002193
600873
300347
600611
002150
600617
603987
002202
000731
300440
000753
600499
300547
600665
600428
600187
601162
600533
600415
600645
300605
603693
603029
002516
601997
002319
300534
000755
002847
002130
300239
600108
000912
300029
601601
600563
600755
603380
000420
002918
300003
300231
002619
603816
002678
300268
000096
002204
300546
002855
600009
300514
002344
603177
300357
600054
300423
601838
002927
000552
600976
300204
601021
600959
000586
600188
002810
600429
002321
600600
603590
002440
600132
300076
601166
300271
000411
300479
000937
600395
601003
002181
000059
000596
601226
002350
002167
002310
002803
600636
603080
600823
600055
002511
002850
002391
000967
300616
603598
603861
002206
000880
000605
002386
600936
000869
600867
600016
002297
002938
603123
300320
601886
300530
600704
600057
000612
000301
300199
600511
601618
000429
300097
002786
603656
300760
300092
601579
002146
000813
600368
600790
600716
300581
603848
300492
603963
603588
600221
000978
600888
603709
600166
002762
600845
603103
300103
600758
600577
600251
002142
002871
000565
002001
603899
603606
002128
600569
002242
000521
600697
601336
300450
600844
601116
603016
600839
600723
002239
002168
000056
002790
000690
603960
300407
601066
300031
002890
600633
002462
600854
603903
002241
002781
002811
000036
603017
002292
002734
002821
601616
600901
603618
002730
000402
600292
600766
603313
300299
300096
601216
600021
002682
603259
600776
002031
600315
600282
002346
600279
600760
002262
300337
603650
002788
600350
000848
002728
600201
300272
300135
300111
000833
002044
002760
600019
000020
603298
000883
300266
000703
002314
300159
002337
600348
002372
300521
601888
300591
601100
600312
600067
000428
300019
002414
300520
603663
002667
002298
002848
000710
002702
600548
300512
603015
600066
300670
600129
300163
600497
000528
002611
000510
300618
002843
603278
000809
603131
601020
603855
600202
600178
002610
000888
603320
600495
603365
603638
603605
600883
601068
601669
300151
002615
603338
600448
600082
002719
002133
300717
000530
000543
000421
600331
600452
300146
603225
600897
600094
002358
603886
603728
600490
600137
300334
300174
002509
000838
000617
000990
300121
603105
000488
601992
603118
600703
603707
000019
600830
002140
600692
600800
600165
603456
600859
000906
600198
600714
601899
601952
600418
300250
300380
600180
603167
603858
000637
002898
600059
300466
601688
000890
300463
601018
600346
600528
603800
300748
002746
300713
600639
603628
603733
603089
002378
600340
601619
600325
002831
300399
603357
601933
002066
300215
002689
300224
600580
002251
600058
600156
002676
002237
603165
300459
600966
002727
600101
300597
601800
600707
000573
300354
000501
002429
603826
002622
002436
002795
603527
000532
000592
002658
600323
002045
000697
600658
600196
603189
603602
601908
600598
300254
300307
600793
601139
300362
601339
300022
002772
000591
002696
002037
603335
300483
000903
600535
600256
002775
600507
603458
600684
600683
603041
600787
002910
603393
300487
603337
603900
600512
300005
603897
603488
600467
002627
603767
600192
002026
300412
600741
601179
600710
002836
603823
603388
300242
603308
002233
300477
002620
601369
002875
601828
002703
600581
002895
600469
603585
601098
002491
000822
300305
000629
000545
002887
000546
600667
300461
601608
300304
002032
603505
603303
300736
600794
600006
300665
002431
002408
000600
002925
300253
002115
300095
002061
000065
603197
600505
300131
300066
002058
000548
600651
600326
002528
000516
600550
000031
000666
002079
601668
603577
600079
300535
002256
300505
601010
000023
002201
601333
603533
300117
300452
000839
002606
603706
600743
600299
600153
600992
000656
002331
300140
600376
601928
300188
002907
603081
600892
603917
603011
601611
603386
603648
300675
600808
600157
600020
002010
300326
600048
002227
600737
600719
600115
300087
600322
002265
600216
300687
603277
002400
002912
000001
000400
002547
300654
002095
603200
000006
002029
002448
300364
601500
603127
600537
300741
000902
000966
300702
603389
601588
600593
002777
300220
002059
601319
002283
000983
300080
002091
002849
300257
000681
000055
000038
000039
601677
000759
600881
300406
002825
600531
600738
002801
600266
002749
000830
300599
600077
600722
600362
300075
002179
000030
601126
601000
603002
600653
000526
603227
603698
300153
002691
600018
600293
002013
603701
300660
600768
000915
600765
002919
002110
603869
300701
603113
600981
603535
002178
002051
300678
300745
300325
300640
600784
601222
300510
002768
600307
300619
000985
002582
002199
600438
000012
300443
601168
600000
601958
600207
300049
000795
300223
601799
002933
002742
600559
300698
600271
600963
300094
002183
300390
600026
300470
603088
600159
002538
300084
603331
603969
002546
300449
002417
600573
300645
601818
300386
002494
603076
000166
300388
600579
002209
600853
600576
600352
600268
600125
002738
002354
002309
600503
300720
002393
002665
002345
002082
300011
600210
002652
600287
002463
002269
300540
000415
000407
603067
002653
300558
002485
002882
000721
000553
002025
002395
002883
002299
603797
600521
600493
000557
601238
300572
300175
000063
300719
002920
002722
002419
002921
000695
600367
300695
000728
300583
300738
002856
603136
000948
300197
002861
002388
000926
000661
600773
002820
300099
601377
000529
002903
600356
002601
002651
000616
300631
002560
000680
600896
600500
002580
000505
300743
600458
600169
002654
000514
603229
002295
300595
600406
600476
002019
000863
000570
300168
000004
000719
600532
600439
600117
000628
002465
002097
600971
000922
300437
300696
002799
000430
601788
300064
600309
600383
600763
601628
603868
600197
601699
000929
000419
300556
603926
600778
300229
300332
601163
600029
300518
002673
300048
000559
002818
000002
002208
603901
002470
000905
600673
002041
002520
002028
603036
002500
600681
600235
603203
600864
300511
000732
600993
603881
300208
300608
002444
000836
603639
300021
603937
000829
000060
002248
603839
000668
600517
300387
300523
000659
002135
000069
603757
002723
300490
002357
300065
600218
000729
300040
300409
600705
600803
002563
002268
603066
300032
603659
600980
000503
603027
002824
300034
603939
603083
300062
002755
300014
300414
002301
002255
600189
300243
000050
603708
000554
002889
603128
002461
300756
600985
603803
600761
600433
300290
002770
002585
002493
000404
603355
300187
300712
002488
002271
300152
600570
601969
002589
600858
000610
600635
300125
002154
600388
002613
300107
000061
002443
603629
600782
600138
603045
002396
000678
300517
000856
002034
002531
000785
600380
002835
603559
600590
603269
603615
600096
002503
002068
600694
600724
300284
300122
603001
600742
000932
002287
300237
002177
600895
002421
600050
601128
300371
300227
600958
300509
000099
300044
600444
600355
600339
300355
600736
300688
600158
603758
600316
000826
300539
002942
002258
002017
600565
600496
000048
000037
600999
600740
600894
002478
600273
002195
002057
002718
600759
300144
603133
600525
002524
601011
600987
300173
000882
603727
002347
600410
002218
600111
600965
600809
002129
300067
002736
601717
002857
001696
600203
600361
002664
002797
603187
300218
002093
000779
603013
002552
603726
002471
000920
600661
603528
300451
300625
300658
300262
000551
600217
300356
603665
002276
600847
002532
600177
601633
002536
000913
300383
603178
002575
600745
600064
600375
300433
300198
002304
000987
002577
300690
002330
000783
600114
600792
002148
300382
600466
600308
000651
300626
002145
300213
300329
600960
600522
300301
000725
002745
300241
002374
002865
000045
002355
002725
000070
300176
601138
600585
000928
300363
600690
002583
002574
601099
002778
300292
002533
600141
002067
300639
002828
002085
002679
002833
002672
300732
600572
300120
600076
300553
002011
603683
600298
600068
002815
000802
300585
600841
600160
300108
603877
002626
002614
600706
600775
600285
000333
002562
000909
600708
000627
000776
600589
002939
600386
000720
000589
600730
600455
600837
002360
603199
002327
600967
600297
603306
601028
000159
600250
603378
002023
603339
603025
600983
600657
300126
000623
603860
300589
002428
600381
300403
600387
603519
600588
603508
300283
603228
300314
300128
000046
603778
600127
300480
002853
600130
002675
600970
600295
601177
000858
300424
300394
603220
300408
601996
002800
000531
600338
000895
603377
601789
601117
600109
603020
600389
300554
300201
002009
300650
000537
300310
603818
002519
603043
603030
000931
002398
601636
601388
601002
002226
603106
300269
002006
603383
300609
603633
300228
002943
600678
300055
300276
000550
002802
600679
600379
002858
600258
300401
600543
601198
300550
002564
601700
002312
300027
600113
300405
002423
002683
002203
300486
600875
300430
000810
002056
300435
600662
300365
300166
603360
002088
300309
600463
002104
002487
600647
603906
600257
002769
002812
300069
300335
603876
002475
300465
601666
600990
600568
600516
600390
002576
300070
300130
300018
000665
603630
002539
000970
002578
300577
300195
600689
600105
601200
002101
002403
600865
600313
601966
002008
002016
600622
600071
002053
600035
002212
603186
300489
002891
000677
603989
601118
002573
600597
002486
601111
300588
600655
300261
600785
300716
000635
600272
603558
600744
600826
002169
000425
600478
000961
002285
000509
002370
002153
002537
300592
603063
300256
600872
600073
002896
002512
300274
601595
300020
000927
002840
002373
002406
600120
603713
000789
000877
300206
000655
603336
002545
300733
000058
300214
002482
300221
002771
000919
000560
000068
002630
603009
300565
002320
603912
002253
002507
000811
300621
002753
002073
002521
600063
002748
603268
002184
600369
600909
000881
603161
002152
002230
002867
002264
002868
603536
601777
600335
001896
000782
300402
603311
601801
002709
002244
000423
600099
600827
000619
600733
300302
600409
002363
300169
300697
600686
600353
000691
300042
600373
000797
300154
601929
600551
002926
300446
603777
300731
000859
601949
300225
000973
603359
000563
601211
002238
000938
600208
002215
300285
300114
300142
002634
000716
300082
600139
002550
000534
002348
000807
300205
603916
603198
600083
002571
603997
002549
002621
603666
603970
603801
300431
000401
300615
002311
002004
603117
300683
300263
601101
603500
300552
300330
300420
600796
300281
600757
300541
002090
000933
002888
002916
300157
600571
603007
603699
002625
603366
300129
000686
002941
300607
603898
600191
002120
002937
300058
002877
600977
300584
300384
300145
002165
002092
601811
002243
603601
603090
000590
000718
002690
603032
002375
300025
603587
000615
300245
300389
300727
002917
603595
300393
002783
601375
600037
002149
603005
603583
300083
002158
300410
002438
002929
603466
600318
603169
300555
002726
600711
300726
002159
000715
002217
002817
603000
600277
300415
603993
002557
002069
000672
300222
002832
002592
002510
600078
603345
603129
002570
002376
000885
300737
300421
000682
603596
000408
300317
300677
300345
300291
600459
603686
601858
002103
300679
002767
300694
002518
002741
300648
002792
603260
300308
002878
600366
601007
603028
000739
300085
603685
603398
300340
300341
002197
002645
603159
300501
000581
600720
600699
300543
300251
002291
002458
002869
300306
600984
600748
603600
300374
600461
002313
601901
000989
002731
002049
002063
601869
600403
300059
000799
002732
000584
603580
603607
002224
601965
300445
300724
603722
600675
002136
002096
300673
600838
603918
300344
002071
000798
600359
000607
600596
300277
002881
002474
300528
600199
002607
000561
603086
601515
603611
603908
600728
603023
300498
603725
300469
300191
002636
300699
002701
002047
600855
002464
002492
002643
603110
300331
603416
002046
002714
002318
300074
600797
300258
600449
603518
002490
002587
600225
603589
000750
600862
600121
002278
002809
002294
603328
603933
000878
000812
603999
300127
300559
000852
300707
603609
300457
002054
002862
000762
300600
300580
600031
300571
000713
002160
600783
300729
600030
603356
600682
600739
002548
600305
603636
300002
603667
002322
002930
300655
000679
002670
002480
300506
603180
002380
603196
600468
300164
603887
600825
000049
603766
002593
000831
002409
000876
300212
603421
300118
002332
300265
300063
300493
002245
002222
600702
600818
600392
600152
300349
600754
603738
000962
600691
000976
002677
002123
002568
300101
002144
603730
300017
002908
603929
603776
600769
002324
603608
300666
000416
002338
002780
601108
603579
300735
600128
300072
002466
002483
002697
600061
002556
300456
300502
002084
000712
600419
002455
002194
300047
600261
300375
002162
000960
603006
002913
002928
600291
002078
002094
300323
603811
601678
600136
000157
002279
600230
300680
600498
300422
300360
300566
601058
300196
600718
000935
300525
002808
603885
002081
600246
002579
601311
002553
603099
000576
002698
600397
300426
000733
600735
603515
600890
002885
000923
603059
000886
300427
600249
002616
000796
300661
600336
002232
600850
300367
601155
000066
603218
600846
600425
300238
600183
002897
000568
300165
002515
603516
600599
300293
002765
600887
603012
300400
000936
002456
300507
600851
002668
603329
600075
600668
300538
300015
603399
603069
000917
002905
603729
603586
600095
000625
002205
002612
603833
600237
002249
603538
600602
601233
002099
603556
000951
002369
600288
002609
000062
000815
002823
002590
002134
603318
300368
002446
002261
603678
000564
300190
000338
300481
600360
300338
002172
300170
000851
600088
603040
300472
002180
603078
000671
603305
601878
603966
603363
600110
600978
300156
300249
000567
603369
600592
600885
002274
603566
300136
000587
300141
002405
603506
002761
600302
601555
000887
000702
603286
600354
000417
300700
002699
600345
000969
300438
000663
002364
601038
600155
000723
603058
600791
300134
002522
000523
300590
002048
002449
002655
300296
002660
600560
600801
600621
300275
600070
002182
600446
603936
300089
000151
300545
600053
300273
002236
300586
002108
600093
300112
002866
300464
600195
603798
002479
300638
300132
300061
600643
002191
002669
300471
603991
000977
000026
300659
603367
002077
600371
300385
300219
300392
300036
002131
002316
600770
600975
002401
000998
603385
300057
002572
600213
002368
002213
002822
300441
002712
002640
300179
002411
002328
002639
300133
002591
002100
002402
300721
300742
300391
000155
300109
603895
002012
300751
600337
300210
600176
600996
002351
600771
002497
603181
002124
300102
300137
300740
300234
603517
002157
002139
600487
300288
002189
300279
300634
002308
300557
300119
600311
603661
002377
002234
002065
002027
300620
300377
600206
603266
002798
000676
000996
300522
002305
002599
002219
603690
300247
603619
002530
300537
002240
002481
000957
603712
000717
002793
600552
002371
300091
603158
300079
300162
300046
300398
603603
002250
300515
002695
603037
000910
603938
600506
600729
300327
603626
603477
300248
300575
600615
603976
300569
002126
000156
000708
603711
002442
000758
603026
300579
300200
300604
002080
002751
002105
002366
002075
600756
002618
600306
002198
600712
600536
002076
002739
002508
002733
603322
603773
300709
300496
002796
000158
300013
002353
002940
000921
600486
002649
002035
300270
600515
603721
300260
300006
603890
000892
300202
000017
603214
002747
300322
603019
002281
002117
300379
600100
300593
002740
603978
603808
002631
600330
000426
002315
002137
300613
600583
300504
002127
000626
002892
600146
000823
601872
000034
002247
300474
002343
300098
600378
002662
600365
002707
002541
002717
300739
002288
300280
300436
300333
601127
603612
300182
300232
000793
600831
603226
300475
600523
002648
300667
300567
603919
002106
300396
300316
300106
002273
000837
300708
002296
600004
300278
300346
000988
603396
603496
000599
300311
600821
002303
300429
300747
600226
600122
000413
300686
002404
002876
002036
000835
300643
300703
002902
600426
300297
002819
601231
002657
300624
002686
603035
300235
002565
600695
600260
603990
002776
300672
300561
002384
002886
300328
603787
600561
600327
601599
600641
300706
002915
002277
002663
300352
601808
603688
002235
600628
000040
300710
002623
603882
601137
600255
000821
300432
002567
600086
600555
600069
300467
600280
300004
600530
600986
300178
300350
002513
300576
603555
603208
002870
600175
002055
002453
600804
600802
603085
300641
600223
300010
300203
300343
000636
300378
600358
000150
300209
000818
600734
002529
300439
300603
300192
603888
603101
300395
300054
600860
600836
600638
300339
300319
002385
002192
002176
000525
300598
300417
300657
603788
000032
002715
600640
603859
300007
000673
300078
300336
600816
600470
600546
300366
603959
000662
000687
002416
002280
002681
000606
000669
002052
002447
002426
300216
300104
300028
